0 0
149 154
100 172
99 139
100 100
129 199
99 180
146 225
127 221
99 217
138 266
99 224
99 323
100 358
99 339
99 425
100 365
100 499
99 430
161 446
159 442
222 380
226 382
240 389
238 387
268 404
306 382
378 452
367 451
386 453
416 500
452 500
429 500
500 500
500 500
500 500
499 399
500 500
449 279
500 257
448 218
409 231
425 100
431 100
500 100
500 100
500 100
500 100
423 99
330 142
328 144
311 147
278 166
302 151
245 185
295 167
238 227
233 263
227 258
214 300
224 224
213 210
153 299
138 295
172 347
140 332
163 357
99 452
100 455
100 500
100 437
100 500
100 500
100 500
